input x, h
dfridr=    1.000000     1.000000     0.000000
dfridr=    3.425516     3.425519     0.000001
dfridr=    3.425520     3.425519     0.000001
dfridr=  199.850204   199.850065     0.000107
